0,1084600.8630999997,2013673.2863999996,38.119270146402435,128.46514696904853
1,1084612.4517,2013658.5117000006,38.11913591907589,128.46527740441522
2,1084635.2203000002,2013647.2280000001,38.11903210245993,128.46553578053778
3,1084641.7687,2013638.5682999995,38.11895345220271,128.46560944850276
4,1084649.2717000004,2013618.7424999997,38.11877408981821,128.4656926798407
5,1084647.1304000001,2013597.954,38.11858695639316,128.46566578746126
6,1084644.0099999998,2013583.765900001,38.118459393828175,128.46562851034622
7,1084630.2171,2013566.0841000006,38.11830134853029,128.46546908186747
8,1084578.2753999997,2013529.8370999992,38.1179795786358,128.4648723054809
9,1084547.5884999996,2013483.8366,38.1175679223057,128.4645168209772
10,1084526.2489,2013477.8637000006,38.11751609605579,128.46427270330682
11,1084497.1823000005,2013450.117900001,38.117268787315254,128.46393786880654
12,1084492.0599999996,2013441.013699999,38.11718722474351,128.46387836312434
13,1084488.3394,2013409.58,38.116904309976945,128.46383220096402
14,1084493.3496000003,2013397.8847000003,38.116798449586845,128.46388796381817
15,1084488.721,2013386.2413999997,38.116693959823785,128.46383378914163
16,1084468.8240999999,2013365.5484999996,38.11650934868385,128.46360438759856
17,1084435.2109000003,2013341.3783999998,38.116294685337046,128.46321812343223
18,1084430.0832000002,2013331.2596000005,38.11620397985917,128.4631584376685
19,1084430.5140000004,2013317.0524000004,38.11607591217323,128.46316166983885
20,1084427.8572000004,2013294.7447999995,38.11587513690241,128.4631287253314
21,1084376.6703000003,2013210.2984999996,38.11511893857239,128.46253488701157
22,1084361.7698999997,2013175.3738000002,38.114805608767064,128.4623608010986
23,1084355.0411,2013150.5515,38.11458255253853,128.46228111669882
24,1084353.4234999996,2013132.8039999995,38.11442277295723,128.46226056769032
25,1084353.7942000004,2013107.4361000005,38.11419413676027,128.4622617961912
26,1084322.7175000003,2013083.2522999998,38.11397910836798,128.4619044777375
27,1084269.2674000002,2013049.5500000007,38.113680391674535,128.46129084814544
28,1084212.7955,2013019.9223999996,38.11341867250369,128.46064323832212
29,1084207.5639000004,2012990.5261000004,38.11315425694284,128.46058009761109
30,1084213.5285999998,2012967.6646999996,38.112947686162045,128.46064543119965
31,1084218.0423999997,2012958.0012999997,38.112860183869884,128.46069577384404
32,1084215.9148000004,2012939.7493999992,38.11269590609911,128.46066935237724
33,1084206.9687,2012910.9015999995,38.11243677969933,128.46056391052198
34,1084215.5499999998,2012883.8812000006,38.11219248622923,128.46065859669278
35,1084215.4046999998,2012856.9079999998,38.111949431927144,128.46065375550708
36,1084220.8126999997,2012829.9047999997,38.11170558934539,128.46071224946857
37,1084216.7007999998,2012802.9529,38.11146309691392,128.4606621694398
38,1084203.892,2012781.601399999,38.111271883227204,128.46051355813222
39,1084214.0685999999,2012756.1590999998,38.1110416619791,128.46062662448136
40,1084213.2367000002,2012749.0233999994,38.11097743648817,128.4606162940213
41,1084184.5400999999,2012723.7906999998,38.1107527287,128.46028601848965
42,1084186.0625999998,2012711.882099999,38.110645272882465,128.4603019781525
43,1084175.6766,2012698.4509999994,38.110525207224555,128.4601819368804
44,1084174.0087000001,2012683.3863999993,38.11038960862994,128.4601611365831
45,1084162.0104,2012665.2038000003,38.11022687511529,128.46002214663113
46,1084175.4244,2012651.6445000004,38.11010343574829,128.4601735384552
47,1084168.0237999996,2012603.2897999994,38.109668378968905,128.46008342809938
48,1084175.4655999998,2012512.0139000006,38.108845155911794,128.4601575361555
49,1084165.8431000002,2012493.0252,38.10867493675656,128.46004555040943
50,1084167.3015,2012469.2167000007,38.108460251379086,128.46005937534485
51,1084156.8172000004,2012437.5390000008,38.10817576592898,128.45993606505752
52,1084166.7758,2012371.6369000003,38.1075809633596,128.46004187023593
53,1084178.3424000004,2012309.693,38.10702167997464,128.4601664797109
54,1084182.2621,2012300.9449000005,38.10694248141834,128.46021015136878
55,1084174.1023000004,2012258.9410999995,38.10656472607382,128.46011213566553
56,1084160.5813999996,2012252.6670999993,38.106509448151364,128.45995719275513
57,1084148.5404000003,2012226.5512000006,38.10627522747757,128.45981678836011
58,1084158.6785000004,2012193.9690000005,38.1059806693798,128.4599285684811
59,1084162.5554999998,2012177.2877999991,38.10582998599603,128.459970817266
60,1084149.0175,2012167.8403999992,38.10574611245344,128.4598153068232
61,1084132.4002999999,2012175.8633999992,38.105819959519984,128.45962673908213
62,1084042.3948,2012109.7064999994,38.10523216791433,128.45859246481584
63,1084032.7166,2012080.4045000002,38.104969014185286,128.45847863880402
64,1084005.5895999996,2012051.9898000006,38.104715479216296,128.45816592312894
65,1083996.7774,2012036.1701999996,38.10457374081397,128.45806356249884
66,1083949.9812000003,2012019.9123,38.10443158374649,128.45752796351968
67,1083922.1409,2012011.5099,38.104358452843016,128.4572094717667
68,1083894.2488000002,2011993.4866000004,38.104198627332366,128.45688925899
69,1083879.1733999997,2011973.2559999991,38.10401771976882,128.45671495505314
70,1083869.3852000004,2011942.3067000005,38.103739729652936,128.45659968966535
71,1083868.2528999997,2011930.5533000007,38.1036339192428,128.45658539541654
72,1083876.6667,2011904.8510999996,38.10340152308135,128.4566783288561
73,1083876.5458000004,2011882.4019000009,38.103199233751326,128.45667431195687
74,1083884.9424,2011853.4926999994,38.10293793928792,128.45676667153697
75,1083874.0854000002,2011822.5490000006,38.10266009885915,128.4566392195948
76,1083882.4302000003,2011784.0187,38.10231210883734,128.45672985727725
77,1083865.2281,2011765.9376999997,38.10215076945059,128.45653155774897
78,1083864.0382000003,2011743.4944000002,38.101948632481104,128.45651535112512
79,1083863.9921000004,2011734.9422999993,38.101871569645816,128.4565138206162
80,1083875.6072000004,2011708.1537999995,38.10162908708221,128.45664313225998
81,1083877.5092000002,2011664.3129999992,38.10123383977825,128.45665967119461
82,1083852.6456000004,2011613.1329999994,38.10077494022828,128.45637011537997
83,1083833.3055999996,2011595.0635000002,38.100613902162145,128.45614744186017
84,1083828.9778000005,2011585.4655000009,38.1005278115218,128.4560969610458
85,1083822.4715,2011568.3959,38.10037459276725,128.4560207597305
86,1083821.3162000002,2011552.3665999994,38.10023025211856,128.45600570271043
87,1083823.3563,2011534.1819000002,38.10006619160949,128.45602683235077
88,1083825.4253000002,2011521.3422999997,38.099950295719495,128.45604891911512
89,1083822.1087999996,2011501.0483999997,38.09976772520092,128.45600871561493
90,1083806.7547000004,2011473.4404000007,38.0995203605176,128.45583038029227
91,1083778.9112,2011459.3099000007,38.09939560622228,128.4555112028424
92,1083758.9837999996,2011441.9634000007,38.09924113617962,128.45528192173862
93,1083751.7156999996,2011418.2018999998,38.09902768344231,128.45519625114932
94,1083744.4645999996,2011397.6138000004,38.09884282612356,128.45511114718417
95,1083732.4748999998,2011381.0178999994,38.0986943836183,128.45497247490016
96,1083724.4688999997,2011367.5738999993,38.09857397508753,128.4548796011769
97,1083723.5943999998,2011352.5050000008,38.098438262830484,128.4548678615866
98,1083725.9189,2011342.1787999999,38.09834499291961,128.45489315811088
99,1083736.9699,2011331.8056000005,38.098250490669805,128.45501796181873
100,1083740.8255000003,2011311.1577000003,38.09806406487126,128.45505950730686
101,1083719.4097999996,2011312.0662999991,38.09807423750095,128.454815400253
102,1083717.7121000001,2011291.4483000003,38.09788859581856,128.45479362285406
103,1083686.597,2011259.0883000009,38.09759986653668,128.4544350099783
104,1083668.2264,2011236.1799999997,38.09739512992564,128.45422283780394
105,1083656.9959000004,2011213.2331000008,38.09718938395427,128.45409208336378
106,1083650.5552000003,2011195.8139999993,38.09703300811935,128.45401659693331
107,1083661.5849000001,2011181.4741999991,38.09690276375783,128.45414069190986
108,1083651.9880999997,2011167.2455000002,38.09677543045285,128.45402958957985
109,1083593.307,2011172.3216999993,38.096826605907715,128.45336102638984
110,1083574.2670999998,2011172.4242000002,38.096829291024015,128.45314392074064
111,1083535.2443000004,2011144.8670000006,38.09658456811235,128.4526957079149
112,1083520.1453,2011140.1882000007,38.09654380099566,128.45252298274883
113,1083478.9219000004,2011145.9636000004,38.09659965585379,128.4520535769752
114,1083477.2796999998,2011135.6589000002,38.096506946736476,128.45203364574047
115,1083432.6864999998,2011104.9582000002,38.09623440624077,128.4515215507227
116,1083404.7446999997,2011072.5812,38.095945220490485,128.45119914241974
117,1083396.7516,2011061.5172000006,38.09584625499133,128.451106703485
118,1083351.1727999998,2010995.1207999997,38.09525212908831,128.45057921069898
119,1083341.5543999998,2010976.9254,38.09508904829837,128.45046740774637
120,1083346.199,2010955.4798000008,38.09489536261843,128.45051786707327
121,1083361.7966,2010905.4145,38.09444275971506,128.4506898817773
122,1083368.7655999996,2010873.6426999997,38.094155804803165,128.4507656394247
123,1083359.0876000002,2010844.3407000005,38.093892642383445,128.45065186163234
124,1083346.2233999996,2010812.6756999996,38.093608479525344,128.45050147724066
125,1083346.0866999999,2010787.2891000006,38.09337972045689,128.45049695547416
126,1083340.4222,2010766.6922999993,38.09319463458182,128.45042996070418
127,1083336.3658999996,2010750.0537999999,38.09304507061723,128.4503817660552
128,1083330.7185000004,2010732.6303000003,38.0928885793202,128.45031533717653
129,1083323.4760999996,2010713.6287999991,38.0927180148857,128.45023053720698
130,1083317.8158999998,2010693.8254000004,38.09254007816112,128.45016368534255
131,1083315.3589000003,2010679.5582999997,38.092411736510236,128.45013400456153
132,1083321.5988999996,2010659.6908,38.09223212486537,128.45020283889724
133,1083323.1086,2010645.4022000004,38.09210322371306,128.45021838626502
134,1083315.1069,2010632.7515999991,38.091989960417955,128.45012567042616
135,1083307.1179999998,2010622.4810000006,38.091898143273625,128.45003337845844
136,1083299.1249000002,2010611.4170999993,38.09179917760291,128.44994094630167
137,1083290.2871000003,2010590.8375000004,38.09161453881384,128.4498377729106
138,1083286.9899000004,2010567.8478999995,38.091407671521054,128.44979749551962
139,1083265.4418000001,2010544.1633000001,38.09119622305948,128.44954903262797
140,1083252.5219999999,2010502.1850000005,38.090819125144755,128.4493968220387
141,1083238.1780000003,2010490.3619,38.09071390238566,128.44923188837515
142,1083248.3887999998,2010471.2664,38.090540882318216,128.44934608979415
143,1083242.7029999997,2010446.7029999997,38.0903200524884,128.4492783954705
144,1083245.7525000004,2010423.679300001,38.090112293020596,128.4493104832373
145,1083242.4808999998,2010405.4496999998,38.08994831794974,128.44927105491593
146,1083241.4483000003,2010361.0274,38.08954810052773,128.4492541036707
147,1083219.1025999999,2010336.5537,38.08932961320117,128.44899646243513
148,1083203.6490000002,2010266.0282000005,38.08869549384847,128.44881204270067
149,1083189.0957000004,2010215.3319000006,38.08823998258097,128.4486402008387
150,1083180.4282999998,2010194.0657000002,38.0880491394326,128.44853889882498
151,1083189.7260999996,2010152.7611999996,38.08767606703731,128.44864010138946
152,1083195.1854999997,2010135.2778999992,38.08751801327377,128.4487003125951
153,1083194.1229999997,2010085.3023000006,38.08706775459306,128.4486823776196
154,1083194.7242,2010049.5979999993,38.086745948956064,128.44868507406784
155,1083204.8707999997,2010018.602499999,38.086465698093285,128.44879715274095
156,1083215.0559999999,2009994.7469999995,38.086249785880604,128.44891050241964
157,1083218.9544000002,2009982.0324000008,38.08613484896811,128.44895346949647
158,1083214.8339,2009953.4936999995,38.08587805103439,128.44890316457048
159,1083209.9371999996,2009928.1327999998,38.085649961360915,128.4488443802631
160,1083219.3333,2009905.0748999994,38.085441309341874,128.44894882454955
161,1083222.3827999998,2009882.0511000007,38.08523354890819,128.44898091139845
162,1083222.2674000002,2009860.6312000006,38.08504053346461,128.44897710038197
163,1083220.4671999998,2009820.9730999991,38.0846833190419,128.44895195568245
